{
  "Alpha" : 1.000000,
  "Colors" : [[1.000000, 1.000000, 1.000000, 1.000000], [0.500000, 0.500000, 0.500000, 1.000000], [0.219608, 0.219608, 0.219608, 1.000000], [0.000000, 0.000000, 0.000000, 0.000000], [0.219608, 0.219608, 0.219608, 1.000000], [0.156863, 0.156863, 0.156863, 1.000000], [0.294118, 0.294118, 0.294118, 0.360784], [0.141176, 0.141176, 0.141176, 1.000000], [0.200000, 0.200000, 0.200000, 1.000000], [0.239216, 0.239216, 0.239216, 1.000000], [0.078431, 0.078431, 0.078431, 1.000000], [0.078431, 0.078431, 0.078431, 1.000000], [0.000000, 0.000000, 0.000000, 0.509804], [0.000000, 0.000000, 0.000000, 1.000000], [0.200000, 0.200000, 0.200000, 1.000000], [0.309804, 0.309804, 0.309804, 1.000000], [0.411765, 0.411765, 0.411765, 1.000000], [0.509804, 0.509804, 0.509804, 1.000000], [0.819608, 0.819608, 0.819608, 1.000000], [0.600000, 0.600000, 0.600000, 1.000000], [1.000000, 1.000000, 1.000000, 1.000000], [0.345098, 0.345098, 0.345098, 1.000000], [0.462745, 0.462745, 0.462745, 1.000000], [0.484716, 0.480483, 0.480483, 1.000000], [0.301961, 0.301961, 0.301961, 1.000000], [0.360784, 0.360784, 0.360784, 1.000000], [0.392157, 0.392157, 0.392157, 1.000000], [0.000000, 0.000000, 0.000000, 1.000000], [0.450980, 0.450980, 0.450980, 0.780392], [0.476250, 0.480157, 0.484716, 1.000000], [0.258824, 0.588235, 0.980392, 0.200000], [0.325490, 0.325490, 0.360784, 1.000000], [0.325490, 0.325490, 0.360784, 1.000000], [1.000000, 1.000000, 1.000000, 1.000000], [0.188235, 0.188235, 0.188235, 0.800000], [0.078431, 0.078431, 0.078431, 0.862745], [0.235294, 0.235294, 0.235294, 1.000000], [0.258824, 0.588235, 0.980392, 0.066667], [0.078431, 0.078431, 0.078431, 0.972549], [0.235294, 0.235294, 0.235294, 1.000000], [0.501961, 0.501961, 0.501961, 0.000000], [0.078431, 0.078431, 0.078431, 0.701961], [0.200000, 0.200000, 0.200000, 1.000000], [0.611765, 0.611765, 0.611765, 1.000000], [1.000000, 0.431373, 0.349020, 1.000000], [0.900000, 0.700000, 0.000000, 1.000000], [1.000000, 0.600000, 0.000000, 1.000000], [0.188235, 0.188235, 0.200000, 1.000000], [0.309804, 0.309804, 0.349020, 1.000000], [0.156863, 0.156863, 0.156863, 1.000000], [0.000000, 0.000000, 0.000000, 0.000000], [1.000000, 1.000000, 1.000000, 0.058824], [0.258824, 0.588235, 0.980392, 1.000000], [0.258824, 0.588235, 0.980392, 0.349020], [0.431373, 0.431373, 0.501961, 0.501961], [0.078431, 0.078431, 0.078431, 0.901961], [0.000000, 0.000000, 0.000000, 0.000000], [1.000000, 1.000000, 1.000000, 1.000000], [0.258824, 0.588235, 0.980392, 1.000000], [1.000000, 1.000000, 1.000000, 0.700000], [0.800000, 0.800000, 0.800000, 0.200000], [0.800000, 0.800000, 0.800000, 0.350000]],
  "FrameBorderSize" : 1.000000,
  "FrameRounding" : 2.000000,
  "GrabRounding" : 10.000000,
  "ScrollbarRounding" : 10.000000,
  "WindowBorderSize" : 0.000000,
  "WindowRounding" : 0.000000
}